,index_content,amend_weight
0,1,5.0
1,2,2.0
2,3,2.0
3,4,5.0
4,5,4.0
5,6,2.0
6,7,1.0
7,8,2.0
8,9,3.0
9,10,5.0
10,11,-1.0
11,12,1.0
12,13,2.0
13,14,2.0
14,15,2.0
15,16,3.0
16,17,3.0
17,18,-1.0
18,19,3.0
19,20,0.0
20,21,0.0
21,22,2.0
22,23,6.0
23,24,1.0
24,25,2.0
25,26,0.0
26,27,4.0
27,28,1.0
28,29,4.0
29,30,5.0
30,31,6.0
31,32,6.0
32,33,8.0
33,34,0.0
34,35,4.0
35,36,2.0
36,37,2.0
37,38,1.0
38,39,4.0
39,40,10.0
40,41,3.0
41,42,1.0
42,43,1.0
43,44,1.0
44,45,2.0
45,46,1.0
46,47,0.0
47,48,11.0
48,49,5.0
49,50,1.0
50,51,7.0
51,52,3.0
52,53,1.0
53,54,1.0
54,55,6.0
55,56,4.0
56,57,2.0
57,58,4.0
58,59,2.0
59,60,2.0
60,61,4.0
61,62,5.0
62,63,6.0
63,64,5.0
64,65,4.0
65,66,1.0
66,67,2.0
67,70,6.0
68,71,4.0
69,72,1.0
70,73,6.0
71,74,7.0
72,75,5.0
73,76,2.0
74,77,2.0
75,78,1.0
76,79,3.0
77,80,4.0
78,81,7.0
79,82,3.0
80,83,4.0
81,84,1.0
82,85,6.0
83,86,3.0
84,87,4.0
85,88,4.0
86,89,25.0
87,90,1.0
88,91,2.0
89,92,4.0
90,93,2.0
91,94,1.0
92,95,3.0
93,96,0.0
94,97,1.0
95,98,5.0
96,99,4.0
97,100,1.0
98,101,3.0
99,102,2.0
100,103,4.0
101,104,0.0
102,105,2.0
103,106,1.0
104,107,3.0
105,108,6.0
106,109,1.0
107,110,3.0
108,111,6.0
109,112,8.0
110,113,6.0
111,114,1.0
112,115,6.0
113,116,1.0
114,117,0.0
115,118,-1.0
116,119,-1.0
117,120,2.0
118,121,8.0
119,123,9.0
120,124,3.0
121,125,2.0
122,126,6.0
123,127,1.0
124,128,2.0
125,129,0.0
126,130,2.0
127,131,0.0
128,132,1.0
129,133,2.0
130,134,3.0
131,135,2.0
132,136,4.0
133,137,1.0
134,138,5.0
135,139,0.0
136,140,0.0
137,141,0.0
138,142,1.0
139,143,-2.0
140,144,4.0
141,145,1.0
142,146,5.0
143,147,0.0
144,148,6.0
145,149,1.0
146,150,0.0
147,151,0.0
148,152,5.0
149,154,2.0
150,155,0.0
151,156,1.0
152,157,2.0
153,158,2.0
154,159,1.0
155,160,1.0
156,161,2.0
157,162,8.0
158,163,3.0
159,164,1.0
160,165,12.0
161,166,3.0
162,167,3.0
163,168,1.0
164,169,0.0
165,170,0.0
166,171,1.0
167,172,0.0
168,173,3.0
169,174,2.0
170,175,3.0
171,176,1.0
172,177,2.0
173,178,1.0
174,179,1.0
175,180,0.0
176,181,2.0
177,182,2.0
178,183,2.0
179,184,2.0
180,185,1.0
181,186,4.0
182,187,5.0
183,188,6.0
184,189,2.0
185,190,4.0
186,191,7.0
187,192,5.0
188,193,1.0
189,194,4.0
190,195,6.0
191,196,4.0
192,197,2.0
193,198,3.0
194,199,5.0
195,200,3.0
196,201,1.0
197,202,1.0
198,203,0.0
199,204,1.0
200,205,3.0
201,206,2.0
202,207,-1.0
203,208,5.0
204,209,6.0
205,210,-1.0
206,211,0.0
207,212,1.0
208,213,2.0
209,214,-2.0
210,215,4.0
211,216,1.0
212,217,2.0
213,218,3.0
214,219,2.0
215,220,2.0
216,221,1.0
217,222,3.0
218,223,2.0
219,224,3.0
220,225,4.0
221,226,3.0
222,227,2.0
223,228,2.0
224,229,4.0
225,230,1.0
226,231,1.0
227,232,4.0
228,233,5.0
229,234,6.0
230,235,6.0
231,236,0.0
232,237,1.0
233,238,3.0
234,239,5.0
235,240,4.0
236,241,2.0
237,242,0.0
238,243,1.0
239,244,1.0
240,245,0.0
241,246,4.0
242,247,4.0
243,248,2.0
244,249,4.0
245,250,3.0
246,251,1.0
247,252,2.0
248,253,1.0
249,254,3.0
250,255,5.0
251,256,0.0
252,257,1.0
253,258,1.0
254,259,3.0
255,260,0.0
256,261,2.0
257,262,0.0
258,263,1.0
259,264,2.0
260,265,0.0
261,266,3.0
262,267,3.0
263,268,1.0
264,269,1.0
265,270,1.0
266,271,2.0
267,272,0.0
268,273,4.0
269,274,0.0
270,275,1.0
271,276,1.0
272,277,1.0
273,278,0.0
274,279,1.0
275,280,1.0
276,281,0.0
277,282,1.0
278,283,2.0
279,284,0.0
280,285,1.0
281,286,0.0
282,287,1.0
283,288,0.0
284,289,1.0
285,290,1.0
286,291,0.0
287,292,0.0
288,293,6.0
289,294,0.0
290,295,0.0
291,296,3.0
292,297,2.0
293,298,0.0
294,299,2.0
295,300,2.0
296,301,1.0
297,303,0.0
298,304,0.0
299,305,1.0
300,306,1.0
301,307,5.0
302,308,2.0
303,309,1.0
304,310,0.0
305,311,1.0
306,312,0.0
307,313,6.0
308,314,0.0
309,315,1.0
310,316,3.0
311,317,11.0
312,318,3.0
313,319,-3.0
314,320,0.0
315,321,3.0
316,322,2.0
317,323,1.0
318,324,-1.0
319,325,1.0
320,326,14.0
321,327,1.0
322,328,-1.0
323,329,0.0
324,330,0.0
325,331,3.0
326,332,1.0
327,333,2.0
328,334,8.0
329,335,0.0
330,336,2.0
331,337,-1.0
332,338,0.0
333,339,0.0
334,340,5.0
335,341,3.0
336,342,3.0
337,343,1.0
338,344,1.0
339,345,1.0
340,346,6.0
341,347,-2.0
342,348,6.0
343,349,0.0
344,350,0.0
345,351,4.0
346,352,1.0
347,353,2.0
348,354,1.0
349,355,0.0
350,356,1.0
351,357,2.0
352,358,5.0
353,359,0.0
354,360,3.0
355,361,3.0
356,362,4.0
357,363,4.0
358,365,3.0
359,366,3.0
360,367,2.0
361,368,1.0
362,369,0.0
363,370,1.0
364,371,2.0
365,372,0.0
366,373,0.0
367,374,1.0
368,375,-1.0
369,376,4.0
370,377,1.0
371,378,1.0
372,379,5.0
373,380,2.0
374,381,1.0
375,382,0.0
376,383,2.0
377,384,4.0
378,385,2.0
379,386,1.0
380,387,6.0
381,388,4.0
382,389,0.0
383,390,1.0
384,391,3.0
385,392,4.0
386,393,2.0
387,394,4.0
388,395,6.0
389,396,1.0
390,397,2.0
391,398,0.0
392,399,1.0
393,400,3.0
394,401,0.0
395,402,2.0
396,403,-2.0
397,404,3.0
398,405,0.0
399,406,0.0
400,407,-2.0
401,408,3.0
402,409,5.0
403,410,1.0
404,411,6.0
405,412,1.0
406,413,3.0
407,414,1.0
408,415,4.0
409,416,1.0
410,417,3.0
411,418,2.0
412,419,2.0
413,420,2.0
414,421,5.0
415,422,6.0
416,423,-1.0
417,424,0.0
418,425,3.0
419,426,1.0
420,427,0.0
421,428,2.0
422,429,1.0
423,430,2.0
424,431,3.0
425,432,3.0
426,433,2.0
427,434,0.0
428,435,0.0
429,436,8.0
430,443,3.0
431,444,3.0
432,445,2.0
433,446,4.0
434,448,5.0
435,449,3.0
436,450,2.0
437,451,3.0
438,452,2.0
439,453,3.0
440,454,3.0
441,455,1.0
442,456,0.0
443,457,3.0
444,458,1.0
445,459,1.0
446,460,0.0
447,461,3.0
448,462,3.0
449,463,2.0
450,464,0.0
451,465,2.0
452,466,5.0
453,467,1.0
454,468,2.0
455,469,2.0
456,470,0.0
457,471,3.0
458,472,-3.0
459,473,3.0
460,474,2.0
461,475,2.0
462,476,5.0
463,477,1.0
464,478,2.0
465,479,2.0
466,480,5.0
467,481,2.0
468,482,2.0
469,483,3.0
470,484,4.0
471,485,2.0
472,486,0.0
473,487,1.0
474,488,3.0
475,489,2.0
476,490,0.0
477,491,3.0
478,492,6.0
479,493,0.0
480,494,7.0
481,495,2.0
482,496,0.0
483,497,0.0
484,498,1.0
485,499,2.0
486,500,1.0
487,501,0.0
488,502,2.0
489,503,6.0
490,504,2.0
491,505,2.0
492,506,1.0
493,507,4.0
494,508,5.0
495,509,0.0
496,510,2.0
497,511,2.0
498,512,0.0
499,513,-1.0
500,514,3.0
501,515,1.0
502,516,0.0
503,517,-1.0
504,518,1.0
505,519,2.0
506,520,1.0
507,521,0.0
508,522,4.0
509,523,1.0
510,524,1.0
511,525,1.0
512,526,4.0
513,527,2.0
514,528,0.0
515,529,0.0
516,530,1.0
517,531,2.0
518,532,0.0
519,533,4.0
520,534,0.0
521,535,0.0
522,536,0.0
523,537,0.0
524,538,2.0
525,539,1.0
526,540,8.0
527,541,0.0
528,542,1.0
529,543,1.0
530,544,1.0
531,545,0.0
532,546,1.0
533,547,3.0
534,548,3.0
535,549,1.0
536,550,1.0
537,551,0.0
538,552,0.0
539,553,3.0
540,554,0.0
541,555,0.0
542,556,8.0
543,557,1.0
544,558,1.0
545,559,2.0
546,560,1.0
547,561,0.0
548,562,2.0
549,563,0.0
550,564,1.0
551,565,1.0
552,566,1.0
553,567,0.0
554,568,0.0
555,569,0.0
556,570,1.0
557,571,2.0
558,572,-1.0
559,573,0.0
560,574,2.0
561,575,0.0
562,576,1.0
563,577,2.0
564,578,0.0
565,579,2.0
566,580,4.0
567,581,0.0
568,582,0.0
569,583,-1.0
570,584,0.0
571,585,2.0
572,586,1.0
573,587,0.0
574,588,0.0
575,589,0.0
576,590,-1.0
577,591,0.0
578,592,4.0
579,593,1.0
580,594,2.0
581,595,2.0
582,596,2.0
583,597,2.0
584,598,4.0
585,599,0.0
586,600,1.0
587,601,0.0
588,602,2.0
589,603,0.0
590,604,0.0
591,605,0.0
592,606,2.0
593,607,3.0
594,608,1.0
595,609,1.0
596,610,5.0
597,611,0.0
598,612,1.0
599,613,0.0
600,614,3.0
601,615,1.0
602,616,2.0
603,617,2.0
604,618,1.0
605,620,1.0
606,621,1.0
607,622,2.0
608,623,1.0
609,624,1.0
610,625,1.0
611,626,4.0
612,627,0.0
613,628,0.0
614,629,1.0
615,630,1.0
616,631,0.0
617,632,1.0
618,633,0.0
619,634,0.0
620,635,2.0
621,636,3.0
622,637,2.0
623,638,0.0
624,639,1.0
625,640,1.0
626,641,1.0
627,642,2.0
628,643,0.0
629,644,0.0
630,645,1.0
631,646,1.0
632,647,2.0
633,648,4.0
634,649,1.0
635,650,0.0
636,651,1.0
637,652,0.0
638,653,0.0
639,654,2.0
640,655,0.0
641,656,2.0
642,657,0.0
643,658,0.0
644,659,1.0
645,660,1.0
646,661,0.0
647,662,0.0
648,663,2.0
649,664,0.0
650,665,6.0
651,666,1.0
652,667,1.0
653,668,2.0
654,669,3.0
655,670,1.0
656,671,0.0
657,672,0.0
658,673,2.0
659,674,0.0
660,675,2.0
661,676,0.0
662,677,3.0
663,678,1.0
664,679,1.0
665,680,1.0
666,681,-1.0
667,682,3.0
668,683,0.0
669,684,8.0
670,685,1.0
671,686,2.0
672,687,0.0
673,688,1.0
674,689,2.0
675,690,4.0
676,691,1.0
677,692,1.0
678,693,2.0
679,694,1.0
680,695,1.0
681,696,4.0
682,697,-1.0
683,698,0.0
684,699,1.0
685,700,0.0
686,701,2.0
687,702,2.0
688,703,2.0
689,704,0.0
690,705,1.0
691,706,1.0
692,707,3.0
693,708,4.0
694,709,2.0
695,710,1.0
696,711,3.0
697,712,3.0
698,713,5.0
699,714,2.0
700,715,2.0
701,716,4.0
702,717,4.0
703,718,9.0
704,719,0.0
705,720,2.0
706,721,3.0
707,722,4.0
708,723,0.0
709,724,1.0
710,725,2.0
711,726,1.0
712,728,3.0
713,729,0.0
714,730,-1.0
715,731,0.0
716,732,2.0
717,733,2.0
718,734,2.0
719,735,0.0
720,736,3.0
721,737,0.0
722,738,0.0
723,739,2.0
724,740,0.0
725,741,4.0
726,743,9.0
727,744,0.0
728,745,4.0
729,746,1.0
730,747,3.0
731,749,1.0
732,750,1.0
733,751,4.0
734,752,4.0
735,753,-1.0
736,754,2.0
737,755,4.0
738,756,2.0
739,757,6.0
740,758,1.0
741,759,-1.0
742,760,4.0
743,761,1.0
744,762,1.0
745,763,1.0
746,764,0.0
747,765,1.0
748,766,0.0
749,767,0.0
750,768,3.0
751,769,5.0
752,770,1.0
753,771,2.0
754,772,2.0
755,773,4.0
756,774,3.0
757,775,1.0
758,776,2.0
759,777,2.0
760,778,1.0
761,779,4.0
762,780,4.0
763,781,4.0
764,782,0.0
765,783,2.0
766,784,1.0
767,785,1.0
768,786,2.0
769,787,0.0
770,788,5.0
771,789,7.0
772,790,0.0
773,791,2.0
774,792,1.0
775,793,-1.0
776,794,3.0
777,795,3.0
778,796,4.0
779,797,-2.0
780,798,0.0
781,799,5.0
782,800,3.0
783,801,-1.0
784,802,4.0
785,803,0.0
786,804,-1.0
787,805,2.0
788,806,2.0
789,807,-2.0
790,808,1.0
791,809,1.0
792,810,2.0
793,811,1.0
794,812,1.0
795,813,2.0
796,814,1.0
797,815,2.0
798,816,0.0
799,817,2.0
800,818,3.0
801,819,0.0
802,820,0.0
803,821,5.0
804,822,1.0
805,823,1.0
806,824,2.0
807,825,-2.0
808,826,5.0
809,827,1.0
810,828,2.0
811,829,1.0
812,830,2.0
813,831,3.0
814,832,0.0
815,833,-1.0
816,834,1.0
817,835,2.0
818,836,2.0
819,837,0.0
820,838,2.0
821,839,3.0
822,840,4.0
823,841,5.0
824,842,2.0
825,843,2.0
826,844,4.0
827,845,-1.0
828,846,2.0
829,847,1.0
830,848,-1.0
831,849,0.0
832,850,2.0
833,851,1.0
834,852,1.0
835,853,3.0
836,854,2.0
837,855,0.0
838,856,2.0
839,857,1.0
840,858,0.0
841,859,2.0
842,860,1.0
843,861,1.0
844,862,6.0
845,863,-2.0
846,864,4.0
847,865,1.0
848,866,1.0
849,867,2.0
850,868,1.0
851,869,3.0
852,870,0.0
853,871,1.0
854,872,0.0
855,874,1.0
856,875,0.0
857,876,1.0
858,878,1.0
859,879,3.0
860,880,1.0
861,881,3.0
862,882,3.0
863,883,7.0
864,885,0.0
865,886,2.0
866,887,6.0
867,888,1.0
868,889,0.0
869,890,1.0
870,891,1.0
871,892,2.0
872,893,5.0
873,894,1.0
874,895,3.0
875,896,2.0
876,898,1.0
877,899,2.0
878,900,0.0
879,901,3.0
880,902,2.0
881,903,2.0
882,904,2.0
883,905,5.0
884,906,3.0
885,907,2.0
886,908,3.0
887,909,2.0
888,910,4.0
889,911,0.0
890,912,1.0
891,913,3.0
892,914,1.0
893,915,6.0
894,916,0.0
895,917,1.0
896,918,0.0
897,919,4.0
898,920,0.0
899,921,2.0
900,922,0.0
901,923,2.0
902,924,1.0
903,925,0.0
904,926,-1.0
905,927,2.0
906,928,4.0
907,929,2.0
908,930,1.0
909,931,0.0
910,932,4.0
911,933,2.0
912,934,1.0
913,935,0.0
914,936,11.0
915,937,2.0
916,938,0.0
917,939,1.0
918,940,3.0
919,941,3.0
920,942,10.0
921,943,4.0
922,944,1.0
923,945,1.0
924,946,0.0
925,947,3.0
926,948,2.0
927,949,0.0
928,950,1.0
929,951,0.0
930,952,0.0
931,953,1.0
932,954,1.0
933,955,4.0
934,956,1.0
935,957,1.0
936,958,2.0
937,959,2.0
938,960,1.0
939,961,2.0
940,962,1.0
941,963,1.0
942,964,3.0
943,965,0.0
944,966,1.0
945,967,2.0
946,968,1.0
947,970,3.0
948,971,0.0
949,972,2.0
950,973,1.0
951,974,1.0
952,975,3.0
953,976,1.0
954,977,3.0
955,978,1.0
956,979,0.0
957,980,1.0
958,981,1.0
959,982,0.0
960,983,1.0
961,984,1.0
962,985,4.0
963,986,1.0
964,987,2.0
965,989,0.0
966,990,2.0
967,991,4.0
968,992,3.0
969,993,4.0
970,994,1.0
971,995,1.0
972,996,4.0
973,997,2.0
974,998,1.0
975,999,2.0
976,1000,4.0
977,1001,0.0
978,1002,-5.0
979,1003,3.0
980,1004,3.0
981,1005,3.0
982,1006,0.0
983,1007,0.0
984,1008,-1.0
985,1009,-1.0
986,1010,7.0
987,1011,4.0
988,1012,-3.0
989,1013,-1.0
990,1014,2.0
991,1015,5.0
992,1016,1.0
993,1017,-2.0
994,1018,1.0
995,1019,0.0
996,1020,1.0
997,1021,-2.0
998,1022,-1.0
999,1023,1.0
1000,1024,-2.0
1001,1025,2.0
1002,1026,0.0
1003,1027,0.0
1004,1028,8.0
1005,1029,1.0
1006,1030,-2.0
1007,1031,6.0
1008,1032,1.0
1009,1033,0.0
1010,1034,-2.0
1011,1035,1.0
1012,1036,2.0
1013,1037,1.0
1014,1038,4.0
1015,1039,-2.0
1016,1040,0.0
1017,1041,-3.0
1018,1042,0.0
1019,1043,-2.0
1020,1044,-3.0
1021,1045,0.0
1022,1046,-5.0
1023,1047,0.0
1024,1048,-1.0
1025,1049,0.0
1026,1050,-1.0
1027,1051,-3.0
1028,1052,2.0
1029,1053,-1.0
1030,1054,-1.0
1031,1055,0.0
1032,1056,1.0
1033,1057,0.0
1034,1058,0.0
1035,1059,-2.0
1036,1060,0.0
1037,1061,0.0
1038,1062,-3.0
1039,1063,2.0
1040,1064,1.0
1041,1065,-3.0
1042,1066,3.0
1043,1067,0.0
1044,1068,-2.0
1045,1069,-3.0
1046,1070,-2.0
1047,1071,3.0
1048,1072,0.0
1049,1073,-1.0
1050,1074,-1.0
1051,1075,0.0
1052,1076,0.0
1053,1077,-2.0
1054,1078,-2.0
1055,1079,-2.0
1056,1080,-3.0
1057,1081,-2.0
1058,1082,-3.0
1059,1083,0.0
1060,1084,-2.0
1061,1085,1.0
1062,1086,0.0
1063,1087,-1.0
1064,1088,1.0
1065,1089,-1.0
1066,1090,-1.0
1067,1091,-1.0
1068,1092,0.0
1069,1093,1.0
1070,1094,-2.0
1071,1095,-2.0
1072,1096,-2.0
1073,1097,-1.0
1074,1098,-2.0
1075,1099,-1.0
1076,1100,-1.0
1077,1101,-1.0
1078,1102,-1.0
1079,1103,2.0
1080,1104,0.0
1081,1105,-1.0
1082,1106,-1.0
1083,1107,-1.0
1084,1108,2.0
1085,1109,1.0
1086,1110,0.0
1087,1111,-1.0
1088,1112,0.0
1089,1113,-3.0
1090,1114,-1.0
1091,1115,4.0
1092,1116,1.0
1093,1117,-1.0
1094,1118,0.0
1095,1119,-1.0
1096,1120,0.0
1097,1121,-1.0
1098,1122,1.0
1099,1123,0.0
1100,1124,-2.0
1101,1125,0.0
1102,1126,-2.0
1103,1127,-3.0
1104,1128,-1.0
1105,1129,-1.0
1106,1130,-1.0
1107,1131,-2.0
1108,1132,0.0
1109,1133,0.0
1110,1134,0.0
1111,1135,-1.0
1112,1136,0.0
1113,1137,0.0
1114,1138,0.0
1115,1139,0.0
1116,1140,0.0
1117,1141,-1.0
1118,1142,-1.0
1119,1143,-1.0
1120,1144,-1.0
1121,1145,0.0
1122,1146,-1.0
1123,1147,-1.0
1124,1148,0.0
1125,1149,0.0
1126,1150,-1.0
1127,1151,0.0
1128,1152,-1.0
1129,1153,0.0
1130,1154,-2.0
1131,1158,-1.0
1132,1159,-5.0
1133,1160,-1.0
1134,1161,-1.0
1135,1162,-1.0
1136,1163,2.0
1137,1164,2.0
1138,1165,0.0
1139,1166,-1.0
1140,1167,0.0
1141,1168,1.0
1142,1169,1.0
1143,1170,-2.0
1144,1171,-1.0
1145,1172,-1.0
1146,1173,-2.0
1147,1174,3.0
1148,1175,-1.0
1149,1176,0.0
1150,1177,-3.0
1151,1178,-2.0
1152,1179,-1.0
1153,1180,-1.0
1154,1181,-3.0
1155,1182,0.0
1156,1183,-2.0
1157,1184,-1.0
1158,1185,-1.0
1159,1188,-1.0
1160,1189,1.0
1161,1190,-2.0
1162,1191,1.0
1163,1192,0.0
1164,1193,-3.0
1165,1195,-4.0
1166,1196,1.0
1167,1197,-3.0
1168,1198,0.0
1169,1199,-1.0
1170,1200,-1.0
1171,1201,-1.0
1172,1202,-1.0
1173,1203,-3.0
1174,1204,-1.0
1175,1205,-1.0
1176,1206,-1.0
1177,1207,-3.0
1178,1208,1.0
1179,1209,0.0
1180,1210,-1.0
1181,1211,-2.0
1182,1212,0.0
1183,1213,-1.0
1184,1214,0.0
1185,1215,0.0
1186,1216,-1.0
1187,1217,-1.0
1188,1218,1.0
1189,1220,2.0
1190,1221,-1.0
1191,1222,1.0
1192,1223,-1.0
1193,1224,-5.0
1194,1225,-2.0
1195,1226,-1.0
1196,1227,-2.0
1197,1228,3.0
1198,1229,1.0
1199,1230,-1.0
1200,1231,1.0
1201,1232,0.0
1202,1233,0.0
1203,1234,0.0
1204,1235,0.0
1205,1236,-6.0
1206,1237,-1.0
1207,1238,0.0
1208,1239,-2.0
1209,1240,-1.0
1210,1241,-1.0
1211,1242,2.0
1212,1243,0.0
1213,1244,10.0
1214,1245,-3.0
1215,1246,-1.0
1216,1247,0.0
1217,1248,-1.0
1218,1249,-1.0
1219,1250,1.0
1220,1251,-1.0
1221,1252,4.0
1222,1253,1.0
1223,1254,0.0
1224,1255,0.0
1225,1256,-3.0
1226,1257,-2.0
1227,1258,0.0
1228,1259,0.0
1229,1260,-2.0
1230,1261,0.0
1231,1262,2.0
1232,1263,-3.0
1233,1264,-1.0
1234,1265,-4.0
1235,1266,-1.0
1236,1267,-9.0
1237,1268,-3.0
1238,1269,0.0
1239,1270,1.0
1240,1271,-1.0
1241,1272,1.0
1242,1273,-2.0
1243,1274,0.0
1244,1275,-3.0
1245,1276,0.0
1246,1277,1.0
1247,1278,0.0
1248,1279,-1.0
1249,1280,-1.0
1250,1281,0.0
1251,1282,-2.0
1252,1283,2.0
1253,1284,-1.0
1254,1285,1.0
1255,1286,-1.0
1256,1287,-1.0
1257,1288,0.0
1258,1289,3.0
1259,1290,0.0
1260,1291,-4.0
1261,1292,0.0
1262,1293,-2.0
1263,1294,-2.0
1264,1295,-1.0
1265,1296,0.0
1266,1297,1.0
1267,1298,0.0
1268,1299,1.0
1269,1300,0.0
1270,1301,0.0
1271,1302,0.0
1272,1303,1.0
1273,1304,0.0
1274,1305,0.0
1275,1306,-1.0
1276,1307,0.0
1277,1308,-1.0
1278,1309,-1.0
1279,1310,4.0
1280,1311,-1.0
1281,1312,0.0
1282,1313,-1.0
1283,1314,0.0
1284,1315,-3.0
1285,1316,2.0
1286,1317,1.0
1287,1318,1.0
1288,1319,-1.0
1289,1320,0.0
1290,1321,0.0
1291,1322,0.0
1292,1323,0.0
1293,1324,-2.0
1294,1325,-1.0
1295,1326,-3.0
1296,1327,-1.0
1297,1328,5.0
1298,1329,0.0
1299,1330,-2.0
1300,1331,-1.0
1301,1332,0.0
1302,1333,0.0
1303,1334,-1.0
1304,1335,2.0
1305,1336,-1.0
1306,1337,-1.0
1307,1338,-3.0
1308,1339,-1.0
1309,1340,0.0
1310,1341,-4.0
1311,1342,1.0
1312,1343,-1.0
1313,1344,0.0
1314,1345,1.0
1315,1346,0.0
1316,1347,0.0
1317,1348,-1.0
1318,1349,-1.0
1319,1350,-5.0
1320,1351,3.0
1321,1352,-1.0
1322,1353,1.0
1323,1354,0.0
1324,1355,0.0
1325,1356,-2.0
1326,1357,-1.0
1327,1358,-1.0
1328,1359,-6.0
1329,1360,-3.0
1330,1361,-1.0
1331,1362,-2.0
1332,1363,-3.0
1333,1364,-2.0
1334,1365,-1.0
1335,1366,0.0
1336,1367,-2.0
1337,1368,-2.0
1338,1369,-2.0
1339,1370,1.0
1340,1371,-5.0
1341,1372,-1.0
1342,1373,-1.0
1343,1374,1.0
1344,1375,-3.0
1345,1376,0.0
1346,1377,-2.0
1347,1378,-1.0
1348,1379,0.0
1349,1380,2.0
1350,1381,-1.0
1351,1382,-1.0
1352,1383,-1.0
1353,1384,1.0
1354,1385,-2.0
1355,1386,-2.0
1356,1387,-3.0
1357,1388,-1.0
1358,1389,1.0
1359,1390,-1.0
1360,1391,0.0
1361,1392,-1.0
1362,1393,2.0
1363,1394,2.0
1364,1395,0.0
1365,1396,-1.0
1366,1397,0.0
1367,1398,1.0
1368,1399,2.0
1369,1400,1.0
1370,1401,0.0
1371,1402,-1.0
1372,1403,-1.0
1373,1404,0.0
1374,1406,-2.0
1375,1407,2.0
1376,1408,-1.0
1377,1409,-4.0
1378,1410,-1.0
1379,1411,1.0
1380,1412,0.0
1381,1413,-1.0
1382,1414,1.0
1383,1415,-6.0
1384,1416,0.0
1385,1417,-2.0
1386,1418,-1.0
1387,1419,-1.0
1388,1420,1.0
1389,1421,0.0
1390,1422,0.0
1391,1423,-3.0
1392,1424,-2.0
1393,1425,-1.0
1394,1426,-1.0
1395,1427,-1.0
1396,1428,3.0
1397,1429,-1.0
1398,1430,1.0
1399,1431,-3.0
1400,1432,0.0
1401,1433,0.0
1402,1434,2.0
1403,1435,-3.0
1404,1436,-3.0
1405,1437,-1.0
1406,1438,-1.0
1407,1439,-1.0
1408,1440,0.0
1409,1441,-1.0
1410,1442,1.0
1411,1443,0.0
1412,1444,0.0
1413,1445,-1.0
1414,1446,4.0
1415,1447,-1.0
1416,1448,-1.0
1417,1449,2.0
1418,1450,0.0
1419,1451,-1.0
1420,1452,0.0
1421,1453,0.0
1422,1454,1.0
1423,1455,-1.0
1424,1456,-1.0
1425,1457,0.0
1426,1458,0.0
1427,1459,0.0
1428,1460,-1.0
1429,1461,0.0
1430,1462,2.0
1431,1463,1.0
1432,1464,-1.0
1433,1465,0.0
1434,1466,-1.0
1435,1467,0.0
1436,1468,-1.0
1437,1469,0.0
1438,1470,-1.0
1439,1471,0.0
1440,1472,-1.0
1441,1473,-2.0
1442,1474,-2.0
1443,1475,-1.0
1444,1476,0.0
1445,1477,2.0
1446,1478,0.0
1447,1479,2.0
1448,1480,0.0
1449,1481,0.0
1450,1482,0.0
1451,1483,0.0
1452,1484,-1.0
1453,1485,3.0
1454,1486,0.0
1455,1487,0.0
1456,1488,-2.0
1457,1489,3.0
1458,1490,-2.0
1459,1491,1.0
1460,1492,1.0
1461,1493,1.0
1462,1494,0.0
1463,1495,1.0
1464,1496,-2.0
1465,1497,-1.0
1466,1499,0.0
1467,1500,-4.0
1468,1501,-3.0
1469,1502,0.0
1470,1503,0.0
1471,1504,0.0
1472,1505,0.0
1473,1506,-2.0
1474,1507,1.0
1475,1508,-4.0
1476,1509,0.0
1477,1510,-1.0
1478,1511,0.0
1479,1512,2.0
1480,1513,-2.0
1481,1514,-1.0
1482,1515,0.0
1483,1516,2.0
1484,1517,0.0
1485,1518,-1.0
1486,1519,-2.0
1487,1520,0.0
1488,1521,1.0
1489,1522,0.0
1490,1523,1.0
1491,1524,-2.0
1492,1525,-1.0
1493,1526,-5.0
1494,1527,0.0
1495,1528,-2.0
1496,1529,-1.0
1497,1530,0.0
1498,1531,-1.0
1499,1532,1.0
1500,1533,-1.0
1501,1534,1.0
1502,1535,1.0
1503,1536,0.0
1504,1537,-3.0
1505,1538,-5.0
1506,1539,2.0
1507,1540,0.0
1508,1541,-1.0
1509,1542,2.0
1510,1543,-3.0
1511,1544,-1.0
1512,1545,0.0
1513,1546,-3.0
1514,1547,2.0
1515,1548,0.0
1516,1549,-2.0
1517,1550,0.0
1518,1551,0.0
1519,1552,-2.0
1520,1553,3.0
1521,1554,1.0
1522,1555,-1.0
1523,1556,0.0
1524,1557,0.0
1525,1558,2.0
1526,1559,1.0
1527,1560,-1.0
1528,1561,0.0
1529,1562,-2.0
1530,1563,0.0
1531,1564,1.0
1532,1565,0.0
1533,1566,0.0
1534,1567,-1.0
1535,1568,0.0
1536,1569,0.0
1537,1570,-5.0
1538,1571,2.0
1539,1572,-2.0
1540,1573,-2.0
1541,1574,1.0
1542,1575,2.0
1543,1576,-2.0
1544,1577,-3.0
1545,1578,1.0
1546,1579,3.0
1547,1580,-2.0
1548,1581,-1.0
1549,1582,-2.0
1550,1583,0.0
1551,1584,1.0
1552,1585,0.0
1553,1586,0.0
1554,1587,-6.0
1555,1588,0.0
1556,1589,-10.0
1557,1590,-5.0
1558,1591,1.0
1559,1592,-2.0
1560,1593,1.0
1561,1594,-2.0
1562,1595,-2.0
1563,1596,1.0
1564,1597,1.0
1565,1598,-1.0
1566,1599,0.0
1567,1600,-1.0
1568,1601,-1.0
1569,1602,-2.0
1570,1603,0.0
1571,1604,-4.0
1572,1605,-2.0
1573,1606,0.0
1574,1607,-1.0
1575,1608,-1.0
1576,1609,-2.0
1577,1610,-1.0
1578,1611,-1.0
1579,1612,-2.0
1580,1613,0.0
1581,1614,-2.0
1582,1615,0.0
1583,1616,0.0
1584,1617,1.0
1585,1618,-2.0
1586,1619,3.0
1587,1620,1.0
1588,1621,2.0
1589,1622,-1.0
1590,1623,3.0
1591,1624,-1.0
1592,1625,3.0
1593,1626,0.0
1594,1627,3.0
1595,1628,-2.0
1596,1629,0.0
1597,1631,-2.0
1598,1632,-1.0
1599,1633,0.0
1600,1634,3.0
1601,1635,-1.0
1602,1636,0.0
1603,1637,0.0
1604,1638,-1.0
1605,1639,0.0
1606,1640,1.0
1607,1641,0.0
1608,1642,-1.0
1609,1643,-1.0
1610,1644,1.0
1611,1645,0.0
1612,1646,-10.0
1613,1647,1.0
1614,1648,-1.0
1615,1649,0.0
1616,1650,0.0
1617,1651,-1.0
1618,1652,-1.0
1619,1653,-2.0
1620,1654,0.0
1621,1655,-3.0
1622,1656,-1.0
1623,1657,-2.0
1624,1658,0.0
1625,1659,-8.0
1626,1660,-8.0
1627,1661,-3.0
1628,1662,-1.0
1629,1663,0.0
1630,1664,1.0
1631,1665,0.0
1632,1666,-2.0
1633,1667,0.0
1634,1668,0.0
1635,1669,2.0
1636,1670,-2.0
1637,1671,-1.0
1638,1672,-1.0
1639,1673,0.0
1640,1674,-4.0
1641,1675,-2.0
1642,1676,1.0
1643,1677,0.0
1644,1678,0.0
1645,1679,-2.0
1646,1680,-1.0
1647,1681,-1.0
1648,1682,1.0
1649,1683,0.0
1650,1684,0.0
1651,1685,-1.0
1652,1686,-1.0
1653,1687,-1.0
1654,1688,-5.0
1655,1689,-1.0
1656,1690,-1.0
1657,1691,-1.0
1658,1692,0.0
1659,1693,-2.0
1660,1694,-1.0
1661,1695,-5.0
1662,1696,-1.0
1663,1697,-1.0
1664,1698,0.0
1665,1699,0.0
1666,1700,1.0
1667,1701,-2.0
1668,1702,-1.0
1669,1703,1.0
1670,1704,-1.0
1671,1705,-1.0
1672,1706,0.0
1673,1707,-1.0
1674,1708,-1.0
1675,1709,0.0
1676,1710,-3.0
1677,1711,1.0
1678,1712,0.0
1679,1713,-1.0
1680,1714,-1.0
1681,1715,0.0
1682,1716,5.0
1683,1717,0.0
1684,1718,-1.0
1685,1719,-1.0
1686,1720,-1.0
1687,1721,-1.0
1688,1722,-3.0
1689,1723,-1.0
1690,1724,-2.0
1691,1725,0.0
1692,1726,-2.0
1693,1727,-1.0
1694,1728,-2.0
1695,1729,0.0
1696,1730,0.0
1697,1731,1.0
1698,1732,0.0
1699,1734,0.0
1700,1735,0.0
1701,1736,-1.0
1702,1737,0.0
1703,1738,-1.0
1704,1739,0.0
1705,1740,-1.0
1706,1741,0.0
1707,1742,0.0
1708,1743,-1.0
1709,1744,0.0
1710,1745,-1.0
1711,1746,-1.0
1712,1747,-1.0
1713,1748,0.0
1714,1749,-3.0
1715,1750,1.0
1716,1751,-1.0
1717,1752,-3.0
1718,1753,0.0
1719,1754,0.0
1720,1755,0.0
1721,1756,-5.0
1722,1757,-4.0
1723,1758,-1.0
1724,1759,-2.0
1725,1760,-3.0
1726,1761,-1.0
1727,1762,0.0
1728,1763,-1.0
1729,1764,1.0
1730,1765,-1.0
1731,1766,1.0
1732,1767,3.0
1733,1768,0.0
1734,1769,-1.0
1735,1770,-1.0
1736,1771,-1.0
1737,1772,-2.0
1738,1773,0.0
1739,1774,0.0
1740,1775,0.0
1741,1776,-1.0
1742,1777,0.0
1743,1778,-5.0
1744,1779,1.0
1745,1780,0.0
1746,1781,-3.0
1747,1782,0.0
1748,1783,0.0
1749,1784,0.0
1750,1785,0.0
1751,1786,-1.0
1752,1787,-1.0
1753,1788,1.0
1754,1789,-2.0
1755,1790,-2.0
1756,1791,-3.0
1757,1792,-1.0
1758,1793,-2.0
1759,1794,-2.0
1760,1795,-1.0
1761,1796,1.0
1762,1797,-1.0
1763,1798,3.0
1764,1799,-1.0
1765,1800,0.0
1766,1801,0.0
1767,1802,1.0
1768,1803,0.0
1769,1804,-3.0
1770,1805,-1.0
1771,1806,0.0
1772,1807,0.0
1773,1808,0.0
1774,1809,0.0
1775,1810,-3.0
1776,1811,0.0
1777,1812,0.0
1778,1813,-1.0
1779,1814,-2.0
1780,1815,-1.0
1781,1816,0.0
1782,1817,-2.0
1783,1818,-1.0
1784,1819,1.0
1785,1820,-1.0
1786,1821,-1.0
1787,1822,-1.0
1788,1823,-1.0
1789,1824,-1.0
1790,1825,0.0
1791,1826,-2.0
1792,1827,1.0
1793,1828,-1.0
1794,1829,-3.0
1795,1830,-2.0
1796,1831,-1.0
1797,1832,-4.0
1798,1833,2.0
1799,1834,0.0
1800,1835,-1.0
1801,1836,-1.0
1802,1837,-1.0
1803,1838,-2.0
1804,1839,2.0
1805,1840,-1.0
1806,1841,-1.0
1807,1842,-2.0
1808,1843,-3.0
1809,1844,0.0
1810,1845,0.0
1811,1846,0.0
1812,1847,-3.0
1813,1848,1.0
1814,1849,-1.0
1815,1850,0.0
1816,1851,1.0
1817,1852,-2.0
1818,1853,-3.0
1819,1854,0.0
1820,1855,-2.0
1821,1856,0.0
1822,1857,-2.0
1823,1858,1.0
1824,1859,1.0
1825,1860,-1.0
1826,1861,-1.0
1827,1862,1.0
1828,1863,-2.0
1829,1864,-2.0
1830,1865,-1.0
1831,1866,-1.0
1832,1868,-1.0
1833,1869,-1.0
1834,1870,0.0
1835,1871,-1.0
1836,1872,0.0
1837,1873,0.0
1838,1874,-2.0
1839,1875,0.0
1840,1876,0.0
1841,1877,-5.0
1842,1878,-2.0
1843,1879,1.0
1844,1880,0.0
1845,1881,2.0
1846,1882,-1.0
1847,1883,-1.0
1848,1884,0.0
1849,1885,1.0
1850,1886,1.0
1851,1887,-1.0
1852,1888,-1.0
1853,1889,-5.0
1854,1891,0.0
1855,1892,-5.0
1856,1893,-1.0
1857,1894,-2.0
1858,1895,1.0
1859,1896,-2.0
1860,1897,1.0
1861,1898,3.0
1862,1899,-1.0
1863,1900,2.0
1864,1901,-2.0
1865,1902,-3.0
1866,1903,1.0
1867,1904,0.0
1868,1905,0.0
1869,1906,0.0
1870,1907,2.0
1871,1908,-1.0
1872,1909,-2.0
1873,1910,-3.0
1874,1911,0.0
1875,1912,-5.0
1876,1913,0.0
1877,1914,-1.0
1878,1915,-2.0
1879,1916,0.0
1880,1917,-2.0
1881,1918,2.0
1882,1919,-2.0
1883,1920,0.0
1884,1921,0.0
1885,1922,-1.0
1886,1923,-2.0
1887,1924,-3.0
1888,1925,-5.0
1889,1926,1.0
1890,1927,1.0
1891,1928,-2.0
1892,1929,-1.0
1893,1930,-1.0
1894,1931,1.0
1895,1932,-1.0
1896,1933,0.0
1897,1934,-1.0
1898,1935,-2.0
1899,1936,1.0
1900,1937,1.0
1901,1938,0.0
1902,1939,-1.0
1903,1940,0.0
1904,1941,0.0
1905,1942,-1.0
1906,1943,0.0
1907,1944,1.0
1908,1945,-1.0
1909,1946,1.0
1910,1947,-2.0
1911,1948,-1.0
1912,1949,-2.0
1913,1950,0.0
1914,1951,-2.0
1915,1952,0.0
1916,1953,-2.0
1917,1954,-1.0
1918,1955,2.0
1919,1956,0.0
1920,1957,0.0
1921,1958,-2.0
1922,1959,-1.0
1923,1960,2.0
1924,1961,-6.0
1925,1962,-1.0
1926,1963,-1.0
1927,1964,-3.0
1928,1965,-1.0
1929,1966,-1.0
1930,1967,-1.0
1931,1968,-2.0
1932,1969,0.0
1933,1970,-1.0
1934,1971,-2.0
1935,1972,-1.0
1936,1973,-1.0
1937,1974,0.0
1938,1975,-4.0
1939,1976,-1.0
1940,1977,-1.0
1941,1978,-1.0
1942,1979,0.0
1943,1980,1.0
1944,1981,0.0
1945,1982,0.0
1946,1983,-1.0
1947,1984,-3.0
1948,1985,-2.0
1949,1986,0.0
1950,1987,-1.0
1951,1988,-2.0
1952,1989,1.0
1953,1990,1.0
1954,1991,-1.0
1955,1992,0.0
1956,1993,-2.0
1957,1994,-1.0
1958,1995,-1.0
1959,1996,-3.0
1960,1997,0.0
1961,1998,-2.0
1962,1999,0.0
1963,2000,0.0
